0.10000000000000001 1
0.20000000000000001 1
0.30000000000000004 1
0.40000000000000002 1
0.5 1
0.59999999999999998 1
0.69999999999999996 1
0.79999999999999993 1
0.89999999999999991 1
0.99999999999999989 1
1.0999999999999999 1
1.2 1
1.3 1
1.4000000000000001 2
1.5000000000000002 2
1.6000000000000003 2
1.7000000000000004 3
1.8000000000000005 3
1.9000000000000006 3
2.0000000000000004 4
2.1000000000000005 4
2.2000000000000006 5
2.3000000000000007 5
2.4000000000000008 6
2.5000000000000009 7
2.600000000000001 8
2.7000000000000011 9
2.8000000000000012 10
2.9000000000000012 11
3.0000000000000013 12
3.1000000000000014 14
3.2000000000000015 16
3.3000000000000016 18
3.4000000000000017 19
3.5000000000000018 22
3.6000000000000019 25
3.700000000000002 27
3.800000000000002 30
3.9000000000000021 33
4.0000000000000018 36
4.1000000000000014 39
4.2000000000000011 43
4.3000000000000007 46
4.4000000000000004 49
4.5 52
4.5999999999999996 55
4.6999999999999993 58
4.7999999999999989 60
4.8999999999999986 30
4.9999999999999982 30
5.0999999999999979 30
5.1999999999999975 30
5.2999999999999972 30
5.3999999999999968 1
5.4999999999999964 2
5.5999999999999961 2
5.6999999999999957 2
5.7999999999999954 3
5.899999999999995 3
5.9999999999999947 4
6.0999999999999943 4
6.199999999999994 5
6.2999999999999936 5
6.3999999999999932 6
6.4999999999999929 7
6.5999999999999925 7
6.6999999999999922 8
6.7999999999999918 9
6.8999999999999915 10
6.9999999999999911 13
7.0999999999999908 13
7.1999999999999904 15
7.2999999999999901 15.0667
7.3999999999999897 15.1991
7.4999999999999893 15.3304
7.599999999999989 15.3957
7.6999999999999886 15.3957
7.7999999999999883 15.3957
7.8999999999999879 15.4606
7.9999999999999876 15.6538
8.0999999999999872 15.8447
8.1999999999999869 15.9707
8.2999999999999865 16.0333
8.3999999999999861 16.2197
8.4999999999999858 16.404
8.5999999999999854 16.404
8.6999999999999851 16.5862
8.7999999999999847 16.7664
8.8999999999999844 16.8855
8.999999999999984 17.0037
9.0999999999999837 17.1795
9.1999999999999833 17.3536
9.2999999999999829 17.3536
9.3999999999999826 17.5829
9.4999999999999822 17.753
9.5999999999999819 17.8093
9.6999999999999815 17.9772
9.7999999999999812 18.1436
9.8999999999999808 18.2537
9.9999999999999805 18.3631
10.09999999999998 18.4718
10.19999999999998 18.6338
10.299999999999979 18.7409
10.399999999999979 18.9006
10.499999999999979 19.0589
10.599999999999978 19.2158
10.699999999999978 19.3198
10.799999999999978 19.4232
10.899999999999977 19.5772
10.999999999999977 19.73
11.099999999999977 19.8313
11.199999999999976 19.9822
11.299999999999976 20.1319
11.399999999999975 20.2806
11.499999999999975 20.4282
11.599999999999975 20.5259
11.699999999999974 20.6233
11.799999999999974 20.7684
11.899999999999974 20.9603
11.999999999999973 21.1031
12.099999999999973 21.1978
12.199999999999973 21.339
12.299999999999972 21.4793
12.399999999999972 21.6187
12.499999999999972 21.7111
12.599999999999971 21.8947
12.699999999999971 22.0315
12.799999999999971 22.1673
12.89999999999997 22.3024
12.99999999999997 22.4366
13.099999999999969 22.5701
13.199999999999969 22.7028
13.299999999999969 22.8346
13.399999999999968 22.9658
13.499999999999968 23.0962
13.599999999999968 23.2258
13.699999999999967 23.3547
13.799999999999967 23.4829
13.899999999999967 23.6528
13.999999999999966 23.7794
14.099999999999966 23.8635
14.199999999999966 23.989
14.299999999999965 24.1138
14.399999999999965 24.2793
14.499999999999964 24.4026
14.599999999999964 24.5253
14.699999999999964 24.6475
14.799999999999963 24.769
14.899999999999963 24.8899
14.999999999999963 25.0102
15.099999999999962 25.13
15.199999999999962 25.2492
15.299999999999962 25.3678
15.399999999999961 25.4859
15.499999999999961 25.6425
15.599999999999961 25.7593
15.69999999999996 25.8369
15.79999999999996 25.9528
15.899999999999959 26.0682
15.999999999999959 26.1832
16.099999999999959 26.3356
16.19999999999996 26.4493
16.299999999999962 26.5626
16.399999999999963 26.6754
16.499999999999964 26.7877
16.599999999999966 26.8995
16.699999999999967 27.0109
16.799999999999969 27.1218
16.89999999999997 27.2323
16.999999999999972 27.3423
17.099999999999973 27.4519
17.199999999999974 27.5973
17.299999999999976 27.7059
17.399999999999977 27.778
17.499999999999979 27.8859
17.59999999999998 27.9933
17.699999999999982 28.1359
17.799999999999983 28.2424
17.899999999999984 28.3485
17.999999999999986 28.4542
18.099999999999987 28.5595
18.199999999999989 28.6644
18.29999999999999 28.7689
18.399999999999991 28.8731
18.499999999999993 28.9769
18.599999999999994 29.0803
18.699999999999996 29.1833
18.799999999999997 29.3201
18.899999999999999 29.4223
19 29.4903
19.100000000000001 29.5919
19.200000000000003 29.6932
19.300000000000004 29.8276
19.400000000000006 29.9281
19.500000000000007 30.0282
19.600000000000009 30.128
19.70000000000001 30.2275
19.800000000000011 30.3266
19.900000000000013 30.4255
20.000000000000014 30.5239
20.100000000000016 30.6221
20.200000000000017 30.72
20.300000000000018 30.8175
20.40000000000002 30.9471
20.500000000000021 31.044
20.600000000000023 31.1084
20.700000000000024 31.2047
20.800000000000026 31.3007
20.900000000000027 31.4283
21.000000000000028 31.5237
21.10000000000003 31.6188
21.200000000000031 31.7136
21.300000000000033 31.8081
21.400000000000034 31.9023
21.500000000000036 31.9962
21.600000000000037 32.0899
21.700000000000038 32.1833
21.80000000000004 32.2764
21.900000000000041 32.3693
22.000000000000043 32.4927
22.100000000000044 32.5849
22.200000000000045 32.6769
22.300000000000047 32.7381
22.400000000000048 32.8296
22.50000000000005 32.9513
22.600000000000051 33.0423
22.700000000000053 33.133
22.800000000000054 33.2234
22.900000000000055 33.3136
23.000000000000057 33.4036
23.100000000000058 33.4933
23.20000000000006 33.5828
23.300000000000061 33.6721
23.400000000000063 33.7611
23.500000000000064 33.8499
23.600000000000065 33.9679
23.700000000000067 34.0561
23.800000000000068 34.1442
23.90000000000007 34.2027
24.000000000000071 34.2903
24.100000000000072 34.4068
24.200000000000074 34.494
24.300000000000075 34.5809
24.400000000000077 34.6675
24.500000000000078 34.754
24.60000000000008 34.8403
24.700000000000081 34.9263
24.800000000000082 35.0121
24.900000000000084 35.0977
25.000000000000085 35.1831
25.100000000000087 35.2683
25.200000000000088 35.3816
25.30000000000009 35.4663
25.400000000000091 35.5509
25.500000000000092 35.6071
25.600000000000094 35.6913
25.700000000000095 35.8032
25.800000000000097 35.887
25.900000000000098 35.9705
26.000000000000099 36.0538
26.100000000000101 36.137
26.200000000000102 36.2199
26.300000000000104 36.3027
26.400000000000105 36.3853
26.500000000000107 36.4676
26.600000000000108 36.5499
26.700000000000109 36.6319
26.800000000000111 36.7409
26.900000000000112 36.8225
27.000000000000114 36.9039
27.100000000000115 36.9581
27.200000000000117 37.0392
27.300000000000118 37.1471
27.400000000000119 37.2278
27.500000000000121 37.3083
27.600000000000122 37.3887
27.700000000000124 37.4689
27.800000000000125 37.5489
27.900000000000126 37.6287
28.000000000000128 37.7084
28.100000000000129 37.7879
28.200000000000131 37.8672
28.300000000000132 37.9464
28.400000000000134 38.0517
28.500000000000135 38.1305
28.600000000000136 38.2091
28.700000000000138 38.2614
28.800000000000139 38.3398
28.900000000000141 38.444
29.000000000000142 38.522
29.100000000000144 38.5998
29.200000000000145 38.6775
29.300000000000146 38.755
29.400000000000148 38.8324
29.500000000000149 38.9353
29.600000000000151 38.9866
29.700000000000152 39.0635
29.800000000000153 39.1403
29.900000000000155 39.2169
30.000000000000156 39.3188
30.100000000000158 39.395
30.200000000000159 39.4711
30.300000000000161 39.5471
30.400000000000162 39.5976
30.500000000000163 39.6985
30.600000000000165 39.7741
30.700000000000166 19.8996
30.800000000000168 19.8996
30.900000000000169 19.8996
31.000000000000171 19.8996
31.100000000000172 19.8996
31.200000000000173 19.8996
31.300000000000175 19.9499
31.400000000000176 20.0999
31.500000000000178 20.1992
31.600000000000179 20.3474
31.70000000000018 20.4456
31.800000000000182 20.6405
31.900000000000183 20.7855
32.000000000000185 20.8816
32.100000000000186 21.025
32.200000000000188 21.1673
32.300000000000189 21.3087
32.40000000000019 21.4492
32.500000000000192 21.5424
32.600000000000193 21.6813
32.700000000000195 21.8194
32.800000000000196 21.9566
32.900000000000198 22.093
33.000000000000199 22.2285
33.1000000000002 22.4079
33.200000000000202 22.497
33.300000000000203 22.6301
33.400000000000205 22.7624
33.500000000000206 22.894
33.600000000000207 23.0248
33.700000000000209 23.1548
33.80000000000021 23.2841
33.900000000000212 23.4555
34.000000000000213 23.5831
34.100000000000215 23.6679
34.200000000000216 23.7944
34.300000000000217 23.9203
34.400000000000219 24.087
34.50000000000022 24.2114
34.600000000000222 24.3351
34.700000000000223 24.4581
34.800000000000225 24.5806
34.900000000000226 24.7024
35.000000000000227 24.8237
35.100000000000229 24.9443
35.20000000000023 25.0644
35.300000000000232 25.1839
35.400000000000233 25.3029
35.500000000000234 25.4606
35.600000000000236 25.5782
35.700000000000237 25.6564
35.800000000000239 25.7731
35.90000000000024 25.8893
36.000000000000242 26.0435
36.100000000000243 26.1585
36.200000000000244 26.273
36.300000000000246 26.3871
36.400000000000247 26.5006
36.500000000000249 26.6136
36.60000000000025 26.7262
36.700000000000252 26.8383
36.800000000000253 26.9499
36.900000000000254 27.0611
37.000000000000256 27.1718
37.100000000000257 27.3187
37.200000000000259 27.4284
37.30000000000026 27.5376
37.400000000000261 27.6102
37.500000000000263 27.7187
37.600000000000264 27.8627
37.700000000000266 27.9703
37.800000000000267 28.0774
37.900000000000269 28.1841
38.00000000000027 28.2904
38.100000000000271 28.3963
38.200000000000273 28.5018
38.300000000000274 28.6069
38.400000000000276 28.7117
38.500000000000277 28.8161
38.600000000000279 28.92
38.70000000000028 29.0581
38.800000000000281 29.1612
38.900000000000283 29.264
39.000000000000284 29.3323
39.100000000000286 29.4344
39.200000000000287 29.5701
39.300000000000288 29.6714
39.40000000000029 29.7724
39.500000000000291 29.8731
39.600000000000293 29.9734
39.700000000000294 30.0734
39.800000000000296 30.173
39.900000000000297 30.2723
40.000000000000298 30.3713
40.1000000000003 30.47
40.200000000000301 30.5683
40.300000000000303 30.699
40.400000000000304 30.7966
40.500000000000306 30.8939
40.600000000000307 30.9586
40.700000000000308 31.0554
40.80000000000031 31.184
40.900000000000311 31.2801
41.000000000000313 31.3759
41.100000000000314 31.4715
41.200000000000315 31.5667
41.300000000000317 31.6616
41.400000000000318 31.7563
41.50000000000032 31.8507
41.600000000000321 31.9448
41.700000000000323 32.0386
41.800000000000324 32.1321
41.900000000000325 32.2564
42.000000000000327 32.3494
42.100000000000328 32.442
42.20000000000033 32.5344
42.300000000000331 32.5958
42.400000000000333 32.7184
42.500000000000334 32.81
42.600000000000335 32.9013
42.700000000000337 32.9924
42.800000000000338 33.0833
42.90000000000034 33.1739
43.000000000000341 33.2943
43.100000000000342 33.3543
43.200000000000344 33.4442
43.300000000000345 33.5338
43.400000000000347 33.6232
43.500000000000348 33.742
43.60000000000035 33.8308
43.700000000000351 33.9194
43.800000000000352 34.0078
43.900000000000354 34.0666
44.000000000000355 34.1839
44.100000000000357 34.2715
44.200000000000358 34.359
44.30000000000036 34.4462
44.400000000000361 34.5333
44.500000000000362 34.6201
44.600000000000364 34.7355
44.700000000000365 34.793
44.800000000000367 34.8792
44.900000000000368 34.9651
45.000000000000369 35.0508
45.100000000000371 35.1648
45.200000000000372 35.2501
45.300000000000374 35.3351
45.400000000000375 35.4199
45.500000000000377 35.4764
45.600000000000378 35.589
45.700000000000379 35.6732
45.800000000000381 35.7572
45.900000000000382 35.8411
46.000000000000384 35.9247
46.100000000000385 36.0082
46.200000000000387 36.1191
46.300000000000388 36.1745
46.400000000000389 36.2573
46.500000000000391 36.34
46.600000000000392 36.4225
46.700000000000394 36.5322
46.800000000000395 36.6143
46.900000000000396 36.6961
47.000000000000398 36.7778
47.100000000000399 36.8322
47.200000000000401 36.9407
47.300000000000402 37.0218
47.400000000000404 37.1028
47.500000000000405 37.1836
47.600000000000406 37.2642
47.700000000000408 37.3447
47.800000000000409 37.4517
47.900000000000411 37.505
48.000000000000412 37.585
48.100000000000414 37.6647
48.200000000000415 37.7443
48.300000000000416 37.8502
48.400000000000418 37.9294
48.500000000000419 38.0084
48.600000000000421 38.0873
48.700000000000422 38.1398
48.800000000000423 38.2446
48.900000000000425 38.323
49.000000000000426 38.4012
49.100000000000428 38.4793
49.200000000000429 38.5572
49.300000000000431 38.6349
49.400000000000432 38.7384
49.500000000000433 38.8158
49.600000000000435 38.8673
49.700000000000436 38.9444
49.800000000000438 39.0214
49.900000000000439 39.1238
50.000000000000441 39.2004
50.100000000000442 39.2769
50.200000000000443 39.3532
50.300000000000445 39.4294
50.400000000000446 39.5054
50.500000000000448 39.5813
50.600000000000449 39.6571
50.70000000000045 19.8411
50.800000000000452 19.8411
50.900000000000453 19.8411
51.000000000000455 19.8411
51.100000000000456 19.8411
51.200000000000458 19.8411
51.300000000000459 19.8915
51.40000000000046 20.042
51.500000000000462 20.1417
51.600000000000463 20.2902
51.700000000000465 20.4377
51.800000000000466 20.5842
51.900000000000468 20.7296
52.000000000000469 20.8259
52.10000000000047 20.9697
52.200000000000472 21.1124
52.300000000000473 21.3012
52.400000000000475 21.395
52.500000000000476 21.4884
52.600000000000477 21.6277
52.700000000000479 21.8121
52.80000000000048 21.9037
52.900000000000482 22.0403
53.000000000000483 22.2213
53.100000000000485 22.356
53.200000000000486 22.4454
53.300000000000487 22.5788
53.400000000000489 22.7114
53.50000000000049 22.8432
53.600000000000492 22.9743
53.700000000000493 23.1046
53.800000000000495 23.2773
53.900000000000496 23.4059
54.000000000000497 23.5338
54.100000000000499 23.6188
54.2000000000005 23.7455
54.300000000000502 23.9136
54.400000000000503 24.0388
54.500000000000504 24.1634
54.600000000000506 24.2873
54.700000000000507 24.4106
54.800000000000509 24.5333
54.90000000000051 24.6554
55.000000000000512 24.7769
55.100000000000513 24.8978
55.200000000000514 25.0181
55.300000000000516 25.1378
55.400000000000517 25.2965
55.500000000000519 25.4149
55.60000000000052 25.5328
55.700000000000522 25.6501
55.800000000000523 25.728
55.900000000000524 25.8831
56.000000000000526 25.9989
56.100000000000527 26.1141
56.200000000000529 26.2288
56.30000000000053 26.343
56.400000000000531 26.4567
56.500000000000533 26.6076
56.600000000000534 26.6827
56.700000000000536 26.795
56.800000000000537 26.9068
56.900000000000539 27.0181
57.00000000000054 27.1659
57.100000000000541 27.2762
57.200000000000543 27.386
57.300000000000544 27.4954
57.400000000000546 27.5681
57.500000000000547 27.7129
57.600000000000549 27.821
57.70000000000055 27.9287
57.800000000000551 28.036
57.900000000000553 28.1429
58.000000000000554 28.2493
58.100000000000556 28.3907
58.200000000000557 28.4611
58.300000000000558 28.5663
58.40000000000056 28.6712
58.500000000000561 28.7757
58.600000000000563 28.9145
58.700000000000564 29.0181
58.800000000000566 29.1214
58.900000000000567 29.2243
59.000000000000568 29.2927
59.10000000000057 29.429
59.200000000000571 29.5308
59.300000000000573 29.6323
59.400000000000574 29.7334
59.500000000000576 29.8342
59.600000000000577 29.9346
59.700000000000578 30.068
59.80000000000058 30.1345
59.900000000000581 30.234
60.000000000000583 30.3331
60.100000000000584 30.4319
60.200000000000585 30.5631
60.300000000000587 30.6612
60.400000000000588 30.7589
60.50000000000059 30.8563
60.600000000000591 30.9211
60.700000000000593 31.0503
60.800000000000594 31.1468
60.900000000000595 31.243
61.000000000000597 31.3389
61.100000000000598 31.4346
61.2000000000006 31.5299
61.300000000000601 31.6566
61.400000000000603 31.7197
61.500000000000604 31.8142
61.600000000000605 31.9084
61.700000000000607 32.0023
61.800000000000608 32.1271
61.90000000000061 32.2204
62.000000000000611 32.3135
62.100000000000612 32.4062
62.200000000000614 32.4987
62.300000000000615 32.5909
62.400000000000617 32.6829
62.500000000000618 32.7746
62.60000000000062 32.866
62.700000000000621 32.9572
62.800000000000622 33.0482
62.900000000000624 33.169
63.000000000000625 33.2594
63.100000000000627 33.3195
63.200000000000628 33.4095
63.30000000000063 33.4992
63.400000000000631 33.6184
63.500000000000632 33.7076
63.600000000000634 33.7965
63.700000000000635 33.8852
63.800000000000637 33.9737
63.900000000000638 34.0619
64.000000000000639 34.1499
64.100000000000634 34.2377
64.200000000000628 34.3252
64.300000000000622 34.4125
64.400000000000617 34.4996
64.500000000000611 34.6154
64.600000000000605 34.702
64.7000000000006 34.7596
64.800000000000594 34.8459
64.900000000000588 34.9319
65.000000000000583 35.0463
65.100000000000577 35.1318
65.200000000000571 35.2171
65.300000000000566 35.3022
65.40000000000056 35.3871
65.500000000000554 35.4719
65.600000000000549 35.5564
65.700000000000543 35.6407
65.800000000000537 35.7248
65.900000000000531 35.8087
66.000000000000526 35.8924
66.10000000000052 36.0037
66.200000000000514 36.087
66.300000000000509 36.1424
66.400000000000503 36.2253
66.500000000000497 36.3081
66.600000000000492 36.4181
66.700000000000486 36.5004
66.80000000000048 36.5826
66.900000000000475 36.6645
67.000000000000469 36.7463
67.100000000000463 36.8278
67.200000000000458 36.9092
67.300000000000452 36.9905
67.400000000000446 37.0715
67.500000000000441 37.1524
67.600000000000435 37.2331
67.700000000000429 37.3404
67.800000000000423 37.4207
67.900000000000418 37.4741
68.000000000000412 37.5541
68.100000000000406 37.6339
68.200000000000401 37.7401
68.300000000000395 37.8195
68.400000000000389 37.8988
68.500000000000384 37.9779
68.600000000000378 38.0568
68.700000000000372 38.1356
68.800000000000367 38.2142
68.900000000000361 38.2927
69.000000000000355 38.371
69.10000000000035 38.4491
69.200000000000344 38.5271
69.300000000000338 38.6308
69.400000000000333 38.7084
69.500000000000327 38.7858
69.600000000000321 38.8374
69.700000000000315 38.9146
69.80000000000031 39.0173
69.900000000000304 39.0941
70.000000000000298 39.1708
70.100000000000293 39.2473
70.200000000000287 39.3237
70.300000000000281 39.4
70.400000000000276 39.4761
70.50000000000027 39.552
70.600000000000264 39.6278
70.700000000000259 19.8265
70.800000000000253 19.8265
70.900000000000247 19.8265
71.000000000000242 19.8265
71.100000000000236 19.8265
71.20000000000023 19.8265
71.300000000000225 19.877
71.400000000000219 20.0275
71.500000000000213 20.1272
71.600000000000207 20.2759
71.700000000000202 20.4235
71.800000000000196 20.5701
71.90000000000019 20.7156
72.000000000000185 20.812
72.100000000000179 20.9558
72.200000000000173 21.1461
72.300000000000168 21.2876
72.400000000000162 21.3815
72.500000000000156 21.4749
72.600000000000151 21.6606
72.700000000000145 21.7988
72.800000000000139 21.8904
72.900000000000134 22.0726
73.000000000000128 22.2082
73.100000000000122 22.343
73.200000000000117 22.477
73.300000000000111 22.5659
73.400000000000105 22.6986
73.500000000000099 22.8305
73.600000000000094 22.9617
73.700000000000088 23.1354
73.800000000000082 23.2648
73.900000000000077 23.3935
74.000000000000071 23.5215
74.100000000000065 23.6065
74.20000000000006 23.7755
74.300000000000054 23.9014
74.400000000000048 24.0267
74.500000000000043 24.1514
74.600000000000037 24.2754
74.700000000000031 24.3987
74.800000000000026 24.5623
74.90000000000002 24.6436
75.000000000000014 24.7652
75.100000000000009 24.8861
75.200000000000003 25.0065
75.299999999999997 25.166
75.399999999999991 25.2851
75.499999999999986 25.4035
75.59999999999998 25.5214
75.699999999999974 25.6388
75.799999999999969 25.7556
75.899999999999963 25.8719
75.999999999999957 25.9877
76.099999999999952 26.103
76.199999999999946 26.2178
76.29999999999994 26.332
76.399999999999935 26.4836
76.499999999999929 26.5967
76.599999999999923 26.6719
76.699999999999918 26.7842
76.799999999999912 26.896
76.899999999999906 27.0444
76.999999999999901 27.1552
77.099999999999895 27.2655
77.199999999999889 27.3754
77.299999999999883 27.4849
77.399999999999878 27.5939
77.499999999999872 27.7025
77.599999999999866 27.8106
77.699999999999861 27.9183
77.799999999999855 28.0257
77.899999999999849 28.1326
77.999999999999844 28.2745
78.099999999999838 28.3805
78.199999999999832 28.4509
78.299999999999827 28.5562
78.399999999999821 28.6611
78.499999999999815 28.8004
78.59999999999981 28.9045
78.699999999999804 29.0081
78.799999999999798 29.1114
78.899999999999793 29.2144
78.999999999999787 29.3169
79.099999999999781 29.4191
79.199999999999775 29.521
79.29999999999977 29.6225
79.399999999999764 29.7237
79.499999999999758 29.8245
79.599999999999753 29.9584
79.699999999999747 30.0584
79.799999999999741 30.1249
79.899999999999736 30.2244
79.99999999999973 30.3235
80.099999999999724 30.4552
80.199999999999719 30.5536
80.299999999999713 30.6517
80.399999999999707 30.7495
80.499999999999702 30.8469
80.599999999999696 30.9441
80.69999999999969 31.0409
80.799999999999685 31.1375
80.899999999999679 31.2337
80.999999999999673 31.3297
81.099999999999667 31.4253
81.199999999999662 31.5524
81.299999999999656 31.6474
81.39999999999965 31.7106
81.499999999999645 31.8051
81.599999999999639 31.8993
81.699999999999633 32.0245
81.799999999999628 32.1181
81.899999999999622 32.2114
81.999999999999616 32.3045
82.099999999999611 32.3973
82.199999999999605 32.4898
82.299999999999599 32.582
82.399999999999594 32.674
82.499999999999588 32.7657
82.599999999999582 32.8572
82.699999999999577 32.9484
82.799999999999571 33.0697
82.899999999999565 33.1603
82.999999999999559 33.2507
83.099999999999554 33.3108
83.199999999999548 33.4008
83.299999999999542 33.5204
83.399999999999537 33.6098
83.499999999999531 33.699
83.599999999999525 33.7879
83.69999999999952 33.8766
83.799999999999514 33.9651
83.899999999999508 34.0534
83.999999999999503 34.1414
84.099999999999497 34.2292
84.199999999999491 34.3168
84.299999999999486 34.4041
84.39999999999948 34.5202
84.499999999999474 34.6071
84.599999999999469 34.6937
84.699999999999463 34.7513
84.799999999999457 34.8376
84.899999999999451 34.9522
84.999999999999446 35.038
85.09999999999944 35.1235
85.199999999999434 35.2089
85.299999999999429 35.294
85.399999999999423 35.379
85.499999999999417 35.4637
85.599999999999412 35.5482
85.699999999999406 35.6325
85.7999999999994 35.7167
85.899999999999395 35.8006
85.999999999999389 35.9122
86.099999999999383 35.9957
86.199999999999378 36.0789
86.299999999999372 36.1344
86.399999999999366 36.2173
86.499999999999361 36.3276
86.599999999999355 36.4102
86.699999999999349 36.4925
86.799999999999343 36.5746
86.899999999999338 36.6566
86.999999999999332 36.7384
87.099999999999326 36.82
87.199999999999321 36.9014
87.299999999999315 36.9826
87.399999999999309 37.0637
87.499999999999304 37.1446
87.599999999999298 37.2521
87.699999999999292 37.3326
87.799999999999287 37.4129
87.899999999999281 37.4664
87.999999999999275 37.5464
88.09999999999927 37.6528
88.199999999999264 37.7324
88.299999999999258 37.8119
88.399999999999253 37.8911
88.499999999999247 37.9703
88.599999999999241 38.0492
88.699999999999235 38.128
88.79999999999923 38.2066
88.899999999999224 38.2851
88.999999999999218 38.3634
89.099999999999213 38.4416
89.199999999999207 38.5455
89.299999999999201 38.6233
89.399999999999196 38.7009
89.49999999999919 38.7784
89.599999999999184 38.8299
89.699999999999179 38.9328
89.799999999999173 39.0098
89.899999999999167 39.0867
89.999999999999162 39.1634
90.099999999999156 39.24
90.19999999999915 39.3164
90.299999999999145 39.3926
90.399999999999139 39.4687
90.499999999999133 39.5447
90.599999999999127 39.6205
90.699999999999122 19.8229
90.799999999999116 19.8229
90.89999999999911 19.8229
90.999999999999105 19.8229
91.099999999999099 19.8229
91.199999999999093 19.8229
91.299999999999088 19.8733
91.399999999999082 20.0239
91.499999999999076 20.1236
91.599999999999071 20.3217
91.699999999999065 20.42
91.799999999999059 20.5666
91.899999999999054 20.7121
91.999999999999048 20.8085
92.099999999999042 21.0001
92.199999999999037 21.1426
92.299999999999031 21.2842
92.399999999999025 21.3781
92.499999999999019 21.4715
92.599999999999014 21.6572
92.699999999999008 21.7954
92.799999999999002 21.9328
92.899999999998997 22.0693
92.999999999998991 22.2049
93.099999999998985 22.3398
93.19999999999898 22.4738
93.299999999998974 22.5627
93.399999999998968 22.6954
93.499999999998963 22.8273
93.599999999998957 23.0021
93.699999999998951 23.1322
93.799999999998946 23.2617
93.89999999999894 23.3904
93.999999999998934 23.5184
94.099999999998929 23.6458
94.199999999998923 23.7724
94.299999999998917 23.8984
94.399999999998911 24.0237
94.499999999998906 24.1484
94.5999999999989 24.2724
94.699999999998894 24.4368
94.799999999998889 24.5593
94.899999999998883 24.6407
94.999999999998877 24.7622
95.099999999998872 24.8832
95.199999999998866 25.0436
95.29999999999886 25.1632
95.399999999998855 25.2822
95.499999999998849 25.4007
95.599999999998843 25.5186
95.699999999998838 25.636
95.799999999998832 25.7528
95.899999999998826 25.8691
95.99999999999882 25.9849
96.099999999998815 26.1002
96.199999999998809 26.215
96.299999999998803 26.3672
96.399999999998798 26.4809
96.499999999998792 26.594
96.599999999998786 26.6691
96.699999999998781 26.7815
96.799999999998775 26.9305
96.899999999998769 27.0418
96.999999999998764 27.1526
97.099999999998758 27.2629
97.199999999998752 27.3728
97.299999999998747 27.4822
97.399999999998741 27.5913
97.499999999998735 27.6998
97.59999999999873 27.808
97.699999999998724 27.9157
97.799999999998718 28.0231
97.899999999998712 28.1655
97.999999999998707 28.2719
98.099999999998701 28.3779
98.199999999998695 28.4483
98.29999999999869 28.5537
98.399999999998684 28.6935
98.499999999998678 28.7979
98.599999999998673 28.902
98.699999999998667 29.0056
98.799999999998661 29.1089
98.899999999998656 29.2119
98.99999999999865 29.3145
99.099999999998644 29.4167
99.199999999998639 29.5185
99.299999999998633 29.6201
99.399999999998627 29.7212
99.499999999998622 29.8556
99.599999999998616 29.956
99.69999999999861 30.056
99.799999999998604 30.1225
99.899999999998599 30.222
99.999999999998593 30.3541
100.09999999999859 30.4528
100.19999999999858 30.5513
100.29999999999858 30.6493
100.39999999999857 30.7471
100.49999999999856 30.8446
100.59999999999856 30.9417
100.69999999999855 31.0386
100.79999999999855 31.1352
100.89999999999854 31.2314
100.99999999999854 31.3274
101.09999999999853 31.4549
101.19999999999852 31.5501
101.29999999999852 31.6451
101.39999999999851 31.7083
101.49999999999851 31.8028
101.5999999999985 31.9284
101.6999999999985 32.0223
101.79999999999849 32.1159
101.89999999999849 32.2092
101.99999999999848 32.3022
102.09999999999847 32.395
102.19999999999847 32.5183
102.29999999999846 32.5798
102.39999999999846 32.6718
102.49999999999845 32.7635
102.59999999999845 32.855
102.69999999999844 32.9766
102.79999999999843 33.0675
102.89999999999843 33.1581
102.99999999999842 33.2485
103.09999999999842 33.3086
103.19999999999841 33.4286
103.29999999999841 33.5182
103.3999999999984 33.6077
103.49999999999839 33.6968
103.59999999999839 33.7858
103.69999999999838 33.8745
103.79999999999838 33.9924
103.89999999999837 34.0512
103.99999999999837 34.1393
104.09999999999836 34.2271
104.19999999999835 34.3147
104.29999999999835 34.402
104.39999999999834 34.5181
104.49999999999834 34.605
104.59999999999833 34.6916
104.69999999999833 34.7492
104.79999999999832 34.8355
104.89999999999831 34.9502
104.99999999999831 35.0359
105.0999999999983 35.1215
105.1999999999983 35.2068
105.29999999999829 35.292
105.39999999999829 35.3769
105.49999999999828 35.4616
105.59999999999827 35.5462
105.69999999999827 35.6305
105.79999999999826 35.7146
105.89999999999826 35.7986
105.99999999999825 35.9102
106.09999999999825 35.9937
106.19999999999824 36.0769
106.29999999999824 36.1324
106.39999999999823 36.2153
106.49999999999822 36.3256
106.59999999999822 36.4082
106.69999999999821 36.4905
106.79999999999821 36.5727
106.8999999999982 36.6546
106.9999999999982 36.7364
107.09999999999819 36.818
107.19999999999818 36.8994
107.29999999999818 36.9807
107.39999999999817 37.0617
107.49999999999817 37.1426
107.59999999999816 37.2502
107.69999999999816 37.3307
107.79999999999815 37.411
107.89999999999814 37.4644
107.99999999999814 37.5444
108.09999999999813 37.6509
108.19999999999813 37.7305
108.29999999999812 37.8099
108.39999999999812 37.8892
108.49999999999811 37.9684
108.5999999999981 38.0473
108.6999999999981 38.1261
108.79999999999809 38.2047
108.89999999999809 38.2832
108.99999999999808 38.3615
109.09999999999808 38.4397
109.19999999999807 38.5436
109.29999999999806 38.6214
109.39999999999806 38.699
109.49999999999805 38.7765
109.59999999999805 38.8281
109.69999999999804 38.931
109.79999999999804 39.008
109.89999999999803 39.0848
109.99999999999802 39.1616
110.09999999999802 39.2381
110.19999999999801 39.3145
110.29999999999801 39.4162
110.399999999998 39.4669
110.499999999998 39.5429
110.59999999999799 39.6187
110.69999999999798 19.8346
110.79999999999798 19.8346
110.89999999999797 19.8346
110.99999999999797 19.8346
111.09999999999796 19.8346
111.19999999999796 19.8346
111.29999999999795 19.8346
111.39999999999795 19.9854
111.49999999999794 20.0854
111.59999999999793 20.2838
111.69999999999793 20.3823
111.79999999999792 20.5291
111.89999999999792 20.6749
111.99999999999791 20.8197
112.09999999999791 20.9634
112.1999999999979 21.1062
112.29999999999789 21.248
112.39999999999789 21.3421
112.49999999999788 21.4823
112.59999999999788 21.6217
112.69999999999787 21.7601
112.79999999999787 21.8977
112.89999999999786 22.0344
112.99999999999785 22.1703
113.09999999999785 22.3053
113.19999999999784 22.4396
113.29999999999784 22.5286
113.39999999999783 22.6615
113.49999999999783 22.8375
113.59999999999782 22.9686
113.69999999999781 23.099
113.79999999999781 23.2286
113.8999999999978 23.3575
113.9999999999978 23.4857
114.09999999999779 23.6132
114.19999999999779 23.7401
114.29999999999778 23.8662
114.39999999999777 23.9917
114.49999999999777 24.1165
114.59999999999776 24.2819
114.69999999999776 24.4053
114.79999999999775 24.528
114.89999999999775 24.6095
114.99999999999774 24.7312
115.09999999999773 24.8925
115.19999999999773 25.0128
115.29999999999772 25.1326
115.39999999999772 25.2518
115.49999999999771 25.3704
115.59999999999771 25.4885
115.6999999999977 25.606
115.79999999999769 25.723
115.89999999999769 25.8394
115.99999999999768 25.9553
116.09999999999768 26.0707
116.19999999999767 26.2238
116.29999999999767 26.3381
116.39999999999766 26.4518
116.49999999999766 26.5651
116.59999999999765 26.6403
116.69999999999764 26.7901
116.79999999999764 26.902
116.89999999999763 27.0133
116.99999999999763 27.1242
117.09999999999762 27.2347
117.19999999999762 27.3447
117.29999999999761 27.4907
117.3999999999976 27.5634
117.4999999999976 27.6721
117.59999999999759 27.7803
117.69999999999759 27.8882
117.79999999999758 28.0313
117.89999999999758 28.1382
117.99999999999757 28.2447
118.09999999999756 28.3508
118.19999999999756 28.4213
118.29999999999755 28.5618
118.39999999999755 28.6667
118.49999999999754 28.7712
118.59999999999754 28.8754
118.69999999999753 28.9791
118.79999999999752 29.0825
118.89999999999752 29.2198
118.99999999999751 29.2882
119.09999999999751 29.3905
119.1999999999975 29.4925
119.2999999999975 29.5941
119.39999999999749 29.729
119.49999999999748 29.8298
119.59999999999748 29.9303
119.69999999999747 30.0304
119.79999999999747 30.097
119.89999999999746 30.2297
119.99999999999746 30.3288
120.09999999999745 30.4276
120.19999999999744 30.5261
120.29999999999744 30.6243
120.39999999999743 30.7221
120.49999999999743 30.8521
120.59999999999742 30.9169
120.69999999999742 31.0138
120.79999999999741 31.1105
120.89999999999741 31.2068
120.9999999999974 31.3348
121.09999999999739 31.4304
121.19999999999739 31.5258
121.29999999999738 31.6208
121.39999999999738 31.684
121.49999999999737 31.7786
121.59999999999737 31.9043
121.69999999999736 31.9983
121.79999999999735 32.0919
121.89999999999735 32.1853
121.99999999999734 32.2784
122.09999999999734 32.4022
122.19999999999733 32.4639
122.29999999999733 32.5562
122.39999999999732 32.6483
122.49999999999731 32.7401
122.59999999999731 32.8316
122.6999999999973 32.9533
122.7999999999973 33.0442
122.89999999999729 33.1349
122.99999999999729 33.2254
123.09999999999728 33.2856
123.19999999999727 33.4056
123.29999999999727 33.4953
123.39999999999726 33.5848
123.49999999999726 33.674
123.59999999999725 33.763
123.69999999999725 33.8518
123.79999999999724 33.9698
123.89999999999723 34.0287
123.99999999999723 34.1168
124.09999999999722 34.2046
124.19999999999722 34.2922
124.29999999999721 34.4087
124.39999999999721 34.4959
124.4999999999972 34.5827
124.59999999999719 34.6117
124.69999999999719 34.6117
124.79999999999718 34.6117
124.89999999999718 34.6117
124.99999999999717 34.6117
